# Created by Octave 3.4.3, Fri Aug 10 21:47:38 2012 PDT <zuliani@Marcos-MacBook-Pro-3.local>
# name: X
# type: matrix
# rows: 4
# columns: 909
 2457.47 2440.15 2493.3 2446.85 2482.56 2511.81 2418.65 2432.33 2493.5 2415.66 2472 2501.06 2547.64 3048.69 2067.5 2357.73 2382.91 2414 2500.76 2529.79 2748.3 2756.16 2784.13 3026.4 3063.62 3081.54 2045.4 2054.88 2352.96 2378.83 2455.2 2473 2521.44 2544.06 2577.9 2719.64 2737.55 2784 2997.93 3034.96 3088.7 3105.42 1852.51 1886.98 1899.09 2047.89 2114.08 2367.89 2384.64 2403 2483.34 2521.44 2551.23 2582.88 2719.64 2726.78 2762.4 2794.88 2821.76 3000.91 3013.46 3090.49 1809.51 1839.28 1873.44 1913.93 1926.37 2054.94 2089.44 2393.57 2407.1 2455.14 2478.24 2522.56 2528.13 2579.89 2594.07 2714.34 2724.48 2781 2806.83 2818.77 2902.38 2963.59 3015.6 1800.55 1866 1916.35 1925.96 1956.42 2110.49 2174.99 2176.78 2384.64 2403.3 2463.6 2470.9 2523.16 2558.99 2597.81 2705.3 2752.08 2814 2988.97 1805.76 1854.72 1913 1949.25 1952.64 2023 2105.28 2142.74 2158.8 2353.95 2403.36 2480 2500.76 2544.06 2749.59 2759.62 3096.47 949.543 967.4589999999999 1018.22 1025.19 1261.28 1782.63 1813.2 1893.89 1973.74 2016 2222.21 2351.52 2547.64 2761.34 554.4 1282.78 1961.79 1375.49 1519 1927 751.6799999999999 1134.26 1168.13 1331.25 1374 1382.4 1425.6 1595.52 2175.21 2176.8 2639 2672.46 2716.42 2724.48 721.4400000000001 743 1343.69 1363.6 1377.22 1411 1523.52 1548 1610 1683.76 1991 2185.74 2674.8 2714.4 2744 669.6 673 1190 1509 1549.73 1581 1605.6 2180.4 2232.32 2271.74 2300 2334 2350.57 2459.29 2492.4 2514.24 2547.07 2590.34 2597.76 2655.14 2668.32 2730 2776.97 2799.36 2822 2865.72 1132 1153.44 1193 1347.28 1401 1418.34 1443.23 1473 1520 1563 1603.47 1663 1683 2069.29 2089 2229.12 2251.93 2275.2 2334.04 2336.26 2437 2470.8 2502 2543.04 2578.8 2617.71 2624.4 2659.68 2688 2741 2776.97 2791.07 2839 2848.8 2903 63.6 86.40000000000001 109.486 143.327 460.339 723.803 746.496 1629.85 1633 2046 2063.91 2230.53 2250.72 2289.25 2326.8 2353.54 2398.8 2414 2459.29 2472.48 2499.84 2544.48 2574 2620 2625.18 2791.9 2846.02 2850 2886 2915.14 3201.98 54 75 126.144 145.152 165.888 695 732 748.224 1129.7 1468.8 1473.12 1532 1537.92 1581.12 1962 2239.2 2263.2 2284 2327 2347.32 2398.8 2420.4 2456.4 2480.03 2496 2556 2576.16 2596.15 2642 2674.94 2778.62 2801.43 2823.84 2864.16 2910 2914.8 57.024 66 125.411 252.288 613.7859999999999 701.28 725.5940000000001 747.6 1365.19 1397 1446 1477.44 1743.84 1965 1988 2066.3 2110.1 2112 2235.91 2256.91 2283.03 2329.07 2366.39 2368.05 2413.44 2440.8 2481 2521.5 2553.12 2582.4 2608 2642.4 2674.94 2776.55 2788 2841.6 2851 2883 2932 2958.34 2977.03 615.6 661.479 702.951 730 754.7910000000001 926.208 1351 1530 1557.27 1577.6 1925.96 1958.4 1995.83 2018.3 2052.86 2097.65 2120 2144 2237.76 2246.66 2294 2327.04 2348.35 2370.87 2419.89 2433.6 2475.88 2522.88 2548.8 2579.04 2623.1 2628.29 2659.39 2698 2795.9 2842.8 2848 2885 2931.6 2967 74.304 97.2 616 787 830.88 900 1086.91 1092.79 1129.7 1335.74 1371.06 1464 1534.8 1578.01 1613.95 1820.26 1827.36 1917 1920.15 2065.31 2199 2219 2243.07 2286.14 2331.6 2352 2379.23 2400.19 2432.33 2494 2501.28 2534.4 2591 2594.22 2651.55 2660 2848.8 2911.2 2912.4 2947.2 3132 823 895.795 910.8 937.4400000000001 993.6 1128.04 1373.55 1469.1 1522.85 1584 1917 2060 2207 2239.49 2241.22 2272.8 2308.32 2338.56 2392.8 2400.73 2440 2470.8 2496 2542.8 2588.54 2617.71 2630.15 2776.55 2786.92 2844 2850 2882 2926 2946 72.57599999999999 98.53749999999999 818.657 836.076 867.13 947.52 979.2 1003.29 1033.2 1101.83 1533.6 1546.56 1616 1632 1750.12 1764 1832.4 2059.2 2235.91 2266.8 2280 2307 2365.63 2397.75 2415.06 2441 2475.88 2498.69 2571.84 2614.8 2625.18 2776.97 2799.36 2824.24 2875 2881 2924 2964.96 3208.8 106.998 910.128 949.7089999999999 981.6 1002.24 1032 1114.37 1502.95 1515.39 1631.92 1657 1746 1832 1881 1890.13 1937.9 2071.08 2085.21 2237.41 2240.4 2308 2399 2494.8 2515.39 2764.8 2799.36 2860.8 3009.87 3049 922.752 955.515 974.592 1020.21 1116 1149.6 1155.58 1211.33 1236.96 1265 1645 1783 1805 1826.5 1879 1888.8 1938 2053.16 2490.31 2496.96 2978.52 186.624 997.817 1099.84 1147.12 1232.61 1356.48 1480.8 1504.94 1553.47 1615.42 1633.93 1786.75 1802.34 2854.8 2981 3208 188.117 222.157 415.052 1056 1104 1143.04 1170.51 1282.78 1513.89 1786.8 1794.58 2854.08 468 1170.51 1215 1224.25 1406.59 1409.38 1522.37 1798 2522 474 1215.36 1221.86 1261.28 1619.14 1633.33 2147 3204 61.92 66.3552 154.077 164.16 270.72 373.248 385.69 1227.6 1266.06 1286.36 1613.95 1640 63.936 64 171.6 275.04 383.616 1278.72 1280.16 1321.3 1346.18 1423.87 2521.2 2541.6 1342 1351.3 1024 1362 250.823 261.274 958 1019.52 1029.89 1146.62 1176.48 1362 1603.47 1710.72 1876.32 1923.6 1952.83 955.2 960.48 1006.87 1030.16 1174.49 1461.94 1773.67 1823 1831.68 1874 1916.01 1940 1959.55 1985.76 916.5309999999999 991.181 1017.62 1028.37 1833.39 1914.02 1938.24 1957.48 958.501 967.957 996 1028.51 1368.58 1826.84 1934.92 1372.36 1400.43 1833.39 1918.5 1940.89 3227 1390.27 1833.39 1896 1930.94 1983.6 1984 1066 1383.51 1425.6 1863.6 1918.08 1926.72 1982.02 3103.49 3104.18 3190.8 32 69.12 603.169 609.141 1369.44 1383.51 1429.69 1463.62 1852.51 1863 3099.45 3105 36 562.8 604.8 776.356 1395.95 1412.37 1468.11 1474.33 1831.68 3187.12 3223 40.8 510.603 518.4 548.64 586.08 609.639 742.8 1368.78 1399.68 1418.34 1448.2 1833 1887.84 1891 1977.92 1987.2 59.04 67 637.806 649.452 766.801 772.8 825.984 834.881 1113.12 1370.57 1376.04 1421.33 1441.15 1472.26 1833.06 1886.98 1888.7 1978.21 42 541.21 548.64 579.779 618 648 828 841.2 1403.41 1421 1465.92 1846.33 1886.15 1899.07 1980 31 36 510 532.8 567.337 576.295 632.448 802 1278 1369.44 1377.22 1845.6 1887.84 1901.08 1947.11 1978.8 1987.2 3212.4 48 64 638.669 670.0549999999999 863 920 1072 1122 1287 1845.34 1883.66 1896.48 1977.12 1988.58 3216 531 544.3200000000001 591.225 655.2 1072.8 1368 1389.6 1413 1727.09 1728.89 1833.06 1867.68 1888.8 1946 1979 2000.61 3182.56 549.504 584.755 665.28 1119.6 1384.8 1454.4 1734.36 1845.34 1867.2 1895 1981.5 3139.78 3182 3212.4 1401.41 1431 1848.32 1883.52 1908 1946.4 1976.72 3098.88 548 1048 1086 1121.76 1291 1396.22 1425.6 1453.2 1730.4 1840.8 1875.6 1898.4 1949.25 1963.58 1984.32 46.8 622.08 1082.4 1114 1125 1833.6 1878 1893.6 1945 1967.76 1985.68 2206.64 2213.28 2328.65 2439 572 595.123 630.375 663.552 731 737.28 1167.6 1405 1429 1836.86 1879.2 1893.11 1947.6 1965.6 2229.54 2258.15 2275 2324.09 2443.2 2499.6 724.032 749.952 1164 1855.87 1884.16 1895 2288.16 2304 2462 1159.2 1841.36 1886 1892.4 2314.14 2469.31 597.6 1152.92 1453 1823.94 1849.65 1886.4 1888 1966.8 2542 2575 1839.28 1884.96 1888.8 2512.8 3076.8 697 1741 1837 1886.4 1890
